Final Parameters:
[ 9.99995274e+02 -5.00000000e-01  3.66519100e+00 -0.00000000e+00
  0.00000000e+00  2.00000000e-02 -0.00000000e+00  0.00000000e+00
 -0.00000000e+00  1.90001000e-01  7.98091000e-01  1.99989660e+01
  2.00007270e+01  1.99993950e+01  1.00000100e+00  3.00000000e-01
  8.00000000e-01  4.19998000e-01  5.99996000e-01  2.99986000e-01
  6.23180000e-02 -8.00000000e-01  7.00000000e-02  6.71080000e-02
  1.00000000e-01  9.99960000e-02  1.00000000e-01]
Iterations:  13368
Time Elapsed:  631.6815369129181
Cost:  1.6176952366969465e-07